4294967279,128
4294967279,127
4294967279,126
4294967279,125
4294967279,124
4294967279,123
4294967279,122
4294967279,121
4294967279,120
4294967279,119
4294967279,118
4294967279,117
4294967279,116
4294967279,115
4294967279,114
4294967279,113
4294967279,112
4294967279,111
4294967279,110
4294967279,109
4294967279,108
4294967279,106
4294967279,105
4294967279,104
4294967279,101
4294967279,100
4294967279,98
4294967279,97
4294967279,96
4294967279,93
4294967279,92
4294967279,91
4294967279,90
4294967279,87
4294967279,86
4294967279,85
4294967279,84
4294967279,83
4294967279,82
4294967279,81
4294967279,80
4294967279,79
4294967279,78
4294967279,77
4294967279,76
4294967279,75
4294967279,74
4294967279,73
4294967279,72
4294967279,71
4294967279,70
4294967279,107
4294967279,225
4294967294,12
4294967294,104
4294967294,106
4294967294,166
4294967294,24
4294967294,176
4294967294,1416
4294967278,217
4294967279,103
4294967279,217
4294967278,215
4294967279,102
4294967279,215
4294967278,213
4294967279,214
4294967278,212
4294967279,213
4294967278,211
4294967279,409
4294967279,99
4294967279,211
4294967278,209
4294967279,210
4294967278,208
4294967279,207
4294967278,207
4294967279,95
4294967279,94
4294967278,206
28,5
4294967279,206
4294967278,204
4294967279,205
28,4
4294967278,203
28,3
28,2
28,1
4294967279,204
4294967278,202
4294967279,203
4294967279,89
4294967278,124
4294967278,123
4294967278,121
4294967278,117
4294967278,115
4294967278,114
4294967278,113
4294967278,112
4294967278,111
4294967278,110
4294967278,107
4294967278,106
4294967278,105
4294967278,104
4294967278,103
4294967278,102
4294967278,101
4294967278,100
4294967278,99
4294967278,98
4294967278,97
4294967278,96
4294967278,95
4294967278,94
4294967278,93
4294967278,92
4294967278,91
4294967278,90
4294967278,89
4294967278,85
4294967278,83
4294967278,82
4294967278,81
4294967278,80
4294967278,79
4294967278,78
4294967278,77
4294967278,76
4294967278,75
4294967278,72
4294967278,70
4294967278,69
4294967278,68
4294967278,67
4294967278,66
4294967278,65
4294967278,61
4294967278,59
4294967278,58
4294967278,57
4294967278,56
4294967278,54
4294967278,53
4294967278,51
4294967278,49
4294967278,48
4294967278,47
4294967278,46
4294967278,44
4294967278,42
4294967278,38
4294967278,36
4294967278,35
4294967278,34
4294967278,33
4294967278,287
4294967278,32
4294967278,31
4294967278,30
4294967278,29
4294967278,28
4294967278,27
4294967278,285
4294967278,26
4294967278,25
4294967278,24
4294967278,23
4294967278,22
4294967278,21
4294967278,20
4294967278,19
4294967278,18
4294967278,17
4294967278,283
4294967278,16
4294967278,267
4294967278,15
4294967278,14
4294967278,281
4294967278,13
4294967278,12
4294967278,11
4294967278,10
4294967278,9
4294967278,8
4294967278,7
4294967278,6
4294967278,5
4294967278,277
4294967278,4
4294967279,132
4294967279,131
4294967279,130
4294967279,129
4294967279,275
4294967279,26
4294967279,24
4294967279,23
4294967279,22
4294967279,21
4294967279,20
4294967279,19
4294967279,18
4294967279,289
4294967279,17
4294967279,16
4294967279,15
4294967279,14
4294967279,268
4294967279,12
4294967279,286
4294967279,11
4294967279,10
4294967279,9
4294967279,285
4294967279,8
4294967279,7
4294967279,281
4294967279,4
4294967278,351
4294967278,87
4294967279,408
4294967278,86
4294967279,407
4294967278,198
4294967294,1052
4294967278,84
4294967278,197
4294967278,196
4294967278,194
27,5
4294967278,193
27,4
27,3
27,2
27,1
4294967279,406
4294967278,192
4294967278,191
4294967294,114
4294967294,1035
4294967294,198
4294967294,401
4294967294,170
4294967294,162
4294967279,405
4294967278,350
4294967278,74
4294967278,349
4294967278,348
4294967278,73
4294967279,404
4294967278,185
4294967278,71
4294967278,184
4294967278,183
4294967278,181
4294967278,180
4294967279,403
4294967278,179
4294967278,178
4294967278,347
4294967278,64
4294967279,402
4294967278,346
4294967278,63
4294967278,175
4294967278,345
4294967278,62
4294967278,173
4294967278,60
4294967278,172
4294967278,171
4294967278,170
4294967278,167
4294967278,169
4294967278,168
4294967278,344
4294967278,55
4294967278,166
4294967278,45
4294967294,440
4294967294,390
4294967278,343
4294967278,52
4294967278,50
4294967279,401
4294967294,1051
4294967278,161
4294967278,160
4294967278,157
4294967278,159
4294967278,158
4294967278,156
4294967294,409
4294967294,419
4294967294,421
4294967294,1081
4294967294,178
4294967294,407
4294967294,167
